38
4
62
43
49
88
41
52
21
53
89
53
66
96
94
22
65
92
97
47
100
16
10
43
53
4
71
83
18
95
54
97
64
69
74
25
36
8
78
34
2
77
56
4
58
50
62
92
95
32
83
81
69
24
10
85
65
56
78
21
13
36
79
53
45
59
56
94
63
39
69
65
3
42
42
87
68
82
12
57
31
94
32
7
9
90
41
8
3
69
6
51
23
91
53
19
50
23
71
41
49
39
93
59
50
73
72
55
14
84
30
3
45
49
95
87
52
24
44
73
98
29
86
44
73
14
67
12
100
71
95
70
64
60
24
63
74
53
67
7
44
35
1
44
4
49
27
29
1
31
26
95
62
6
7
61
11
34
24
79
83
28
86
67
65
26
28
56
3
16
52
81
67
83
69
72
2
14
93
42
69
62
95
28
25
65
64
58
33
98
74
39
47
45
3
11
93
97
26
51
83
14
87
40
15
33
99
73
57
15
94
51
13
46
75
40
3
29
29
66
60
12
17
53
66
23
53
30
82
55
20
57
53
8
14
58
94
53
1
68
6
97
48
23
93
18
26
61
41
80
23
95
77
16
26
11
85
68
78
90
59
85
54
77
91
4
70
67
60
6
64
68
73
83
83
5
93
4
51
91
97
65
28
41
16
37
82
48
31
5
49
90
100
71
71
53
96
80
68
33
23
98
62
20
5
55
96
61
8
28
96
37
9
12
64
27
92
28
43
23
93
79
73
88
34
76
8
67
28
38
21
36
45
39
99
30
78
48
39
16
60
34
12
83
38
92
75
77
34
95
40
62
42
8
74
71
55
8
27
89
48
35
61
3
50
56
59
51
71
43
43
27
9
8
9
7
100
48
31
11
95
82
65
79
69
70
29
68
79
56
72
3
85
83
94
75
7
88
38
80
17
23
49
40
82
70
26
50
2
5
32
40
16
64
56
12
43
96
26
8
53
2
41
21
45
5
6
99
95
72
16
76
8
58
3
26
41
57
67
58
100
42
9
67
78
78
86
79
1
7
65
27
80
9
48
26
57
62
84
27
26
85
8
68
45
59
15
85
97
63
30
18
58
23
58
29
21
11
21
30
99
11
98
32
14
17
71
94
37
59
1
92
63
23
5
40
51
81
93
48
