22
1
50
36
75
11
10
100
39
41
69
24
46
43
74
59
3
68
33
41
58
22
68
17
90
18
66
61
67
19
25
80
62
17
10
25
9
66
98
32
1
70
47
36
17
17
56
34
49
19
96
77
94
82
22
7
12
72
50
79
75
52
4
47
68
66
29
35
1
21
11
42
100
51
15
17
92
86
19
44
89
5
59
24
85
27
9
83
88
42
84
5
10
41
51
66
38
42
24
69
77
84
55
78
55
68
94
2
76
29
29
8
76
36
30
34
31
2
88
46
89
40
47
20
95
91
60
39
32
80
96
12
27
88
78
2
97
99
18
10
21
28
38
52
41
15
14
69
27
20
66
61
50
72
97
43
72
80
75
70
97
59
87
54
32
60
98
11
18
87
32
53
61
60
19
48
37
21
25
26
4
91
43
90
47
86
87
31
32
89
56
30
22
90
81
57
20
26
11
10
90
89
85
25
23
34
14
43
14
1
54
86
60
63
33
75
52
1
98
28
68
16
84
24
64
33
6
29
17
44
40
83
86
68
18
32
73
48
80
83
61
35
42
47
64
25
5
58
36
61
69
72
66
64
73
71
43
9
21
19
37
74
96
93
29
85
48
56
64
96
76
26
65
50
12
79
66
14
96
70
35
10
86
16
24
44
13
87
66
1
89
58
1
81
38
69
53
48
86
94
7
96
82
34
100
14
59
30
62
69
85
72
45
97
11
72
5
31
22
90
3
59
81
77
29
94
17
59
88
99
32
3
80
44
49
83
70
41
48
97
75
19
78
51
30
49
95
86
74
13
73
29
92
83
92
85
24
94
86
8
90
27
3
58
64
97
15
66
26
81
89
69
57
61
35
85
86
40
97
1
76
56
54
78
54
40
3
76
47
91
88
4
76
21
67
40
19
87
29
8
89
83
61
66
15
32
5
80
71
43
64
18
23
63
37
82
47
88
20
63
47
73
41
45
7
10
59
16
24
38
47
18
48
81
72
48
13
11
37
3
34
47
88
47
36
61
79
62
8
67
96
77
39
58
19
4
28
63
3
8
97
7
23
45
13
28
3
33
37
44
16
22
19
68
12
90
22
10
80
3
87
55
17
26
67
36
98
18
57
12
29
16
93
19
38
3
97
67
52
77
96
24
90
47
67
3
2
27
11
10
31
83
69
88
73
38
95
39
1
22
97
88
88
12
3
34
65
85
50
38
3
89
6
87
66
41
29
40
41
99
27
13
4
84
64
37
11
46
60
16
59
90
38
87
5
28
88
8
54
65
15
44
72
20
16
85
51
52
74
24
73
16
100
10
38
69
2
40
76
4
36
54
35
46
31
22
16
2
98
29
75
29
61
20
69
56
8
86
30
60
86
11
5
25
28
4
53
62
46
37
6
98
23
51
95
11
2
36
50
27
100
41
3
36
12
82
12
71
82
68
48
96
9
98
86
76
80
18
89
100
7
28
88
64
5
51
65
38
47
53
37
93
80
43
50
3
1
73
72
3
99
37
40
34
85
29
11
25
41
70
31
34
85
12
61
97
50
70
14
36
96
25
2
22
56
39
30
57
59
51
82
93
69
71
65
38
40
25
45
28
66
10
29
41
67
59
40
97
81
12
60
95
28
28
35
16
16
41
46
52
98
78
50
33
98
69
75
27
28
9
4
45
67
27
26
26
88
77
94
39
90
66
55
66
81
6
22
78
33
51
41
96
56
85
22
23
22
65
54
17
69
73
62
81
33
82
43
51
49
48
34
38
41
54
52
16
56
93
37
86
63
6
100
67
73
82
40
35
56
57
100
88
8
28
51
60
10
51
30
75
83
69
12
35
100
30
25
34
15
2
43
96
48
46
65
77
78
65
8
39
33
12
28
92
84
46
13
19
56
98
14
98
94
61
59
76
56
59
12
45
59
9
78
43
63
10
35
49
15
89
27
51
3
16
39
45
12
26
38
77
56
32
14
43
17
7
38
33
58
22
78
53
55
42
63
18
41
19
33
85
93
90
5
14
59
33
19
3
19
54
11
31
61
56
88
3
98
28
33
36
33
53
37
26
99
71
10
4
31
22
71
6
59
83
70
22
89
81
95
51
60
7
72
95
58
66
80
49
59
58
54
67
69
49
19
99
43
17
14
77
48
94
38
29
70
75
97
86
69
61
43
99
46
50
47
41
4
84
68
91
98
7
78
1
37
13
68
14
51
75
36
36
30
20
39
22
76
37
95
59
74
89
83
53
36
81
16
25
16
26
92
1
86
72
89
75
93
39
77
98
53
27
99
73
26
9
70
92
32
33
75
60
90
20
45
39
30
60
62
4
100
4
51
15
43
96
18
20
12
13
66
19
14
33
27
1
54
27
35
79
3
30
11
82
48
71
66
75
8
2
48
68
90
5
83
49
13
26
18
78
16
74
94
50
9
82
83
3
23
63
89
16
1
18
74
74
27
69
37
53
32
43
80
73
94
27
31
17
24
63
16
23
87
99
93
47
56
8
39
44
13
57
85
75
7
51
54
40
50
51
12
79
90
87
51
25
78
16
79
16
48
85
37
6
60
87
70
84
72
13
24
85
43
2
52
48
69
1
47
14
47
51
94
17
1
39
99
89
70
99
65
65
51
51
43
34
85
89
56
86
44
61
32
57
22
71
97
26
69
92
61
52
65
31
22
18
28
69
29
8
62
63
78
96
32
35
31
69
17
93
74
17
75
57
81
20
76
81
82
9
21
42
60
7
62
90
87
79
27
21
41
28
52
43
70
78
11
46
82
30
99
73
80
2
88
37
14
52
10
39
21
37
76
59
29
69
92
95
86
69
39
92
8
10
49
72
98
19
96
47
44
52
59
29
85
2
69
98
30
20
56
68
4
65
72
68
51
28
15
43
92
90
89
49
43
15
39
75
44
32
12
43
41
29
7
78
65
43
99
12
67
6
70
14
34
30
19
99
79
40
54
1
14
4
83
97
63
75
86
80
1
1
57
14
70
90
57
53
100
74
42
32
63
7
38
78
70
72
77
95
9
30
33
48
85
76
15
21
34
12
37
56
48
57
19
99
95
47
2
85
68
49
47
10
24
5
73
35
38
12
55
95
3
48
79
78
20
12
79
37
46
28
15
53
98
88
57
76
29
91
93
100
41
17
61
84
42
21
16
94
14
95
19
17
90
57
49
20
62
96
18
30
19
38
97
10
90
55
86
98
19
96
38
54
24
18
21
56
23
48
62
87
91
93
80
55
100
1
70
65
52
7
82
74
50
89
31
94
97
17
36
87
32
54
9
73
70
15
91
49
84
49
73
17
70
39
30
46
25
32
19
59
36
17
63
74
4
58
37
61
18
16
41
28
61
95
46
74
25
73
69
54
38
38
51
67
73
44
50
51
77
76
19
84
6
8
20
65
9
91
18
28
87
96
8
89
70
37
76
57
25
38
20
18
85
17
30
12
15
73
29
99
43
90
20
46
8
75
22
52
94
43
87
77
67
50
36
38
92
61
82
33
24
35
63
19
27
24
92
21
89
95
20
17
99
28
50
96
50
25
76
6
55
72
48
72
83
59
5
19
97
56
23
34
24
13
14
70
42
100
40
40
50
95
5
95
90
82
66
90
88
9
15
49
54
79
81
84
36
81
85
54
9
39
100
48
58
67
92
65
3
14
67
24
47
20
81
37
65
83
23
61
98
59
37
68
81
85
71
100
44
48
55
39
56
44
39
77
28
82
48
26
4
30
29
35
85
18
78
57
6
81
10
10
61
3
20
6
12
2
79
95
4
28
26
68
54
13
3
5
52
100
59
87
1
28
43
22
39
33
97
2
14
55
58
28
72
12
4
8
68
35
39
48
65
99
55
78
79
38
4
83
40
25
95
30
36
17
53
90
39
85
21
10
66
18
2
90
88
59
95
65
39
75
78
25
93
76
56
14
91
53
40
86
46
97
77
9
10
77
30
90
72
95
85
20
76
49
17
58
63
94
99
49
29
94
35
83
43
70
97
50
85
11
45
43
24
85
56
24
78
82
52
5
37
28
45
83
18
53
62
90
60
29
28
35
31
18
65
38
97
64
52
15
15
81
48
1
39
59
26
89
75
46
58
2
42
20
29
21
5
26
52
35
40
77
14
89
73
74
18
74
92
46
71
93
32
82
46
47
8
69
63
26
19
21
42
24
14
25
67
83
37
82
27
32
74
94
75
91
33
49
66
6
44
97
8
53
71
87
29
8
84
31
41
16
28
93
75
42
58
15
34
20
56
25
96
6
84
18
43
30
37
85
48
70
73
88
32
98
78
26
32
78
21
56
31
85
12
63
96
62
93
36
12
58
93
56
92
53
40
61
14
66
85
45
96
76
47
6
24
23
47
47
94
80
5
64
2
89
86
57
41
20
26
21
54
49
78
41
100
100
36
10
73
24
78
26
47
9
34
72
50
87
25
35
37
48
69
63
8
83
91
45
58
66
36
53
79
1
58
18
13
42
94
70
96
2
33
4
15
87
5
38
7
75
59
88
26
77
14
21
2
88
57
74
53
35
34
10
17
38
37
59
62
31
42
13
28
100
15
71
81
96
56
84
39
70
65
7
47
100
20
34
32
44
38
52
66
75
89
9
15
45
20
79
17
5
25
9
1
22
22
84
60
56
21
91
87
79
35
14
43
23
27
15
68
9
59
5
41
97
77
41
14
49
39
13
78
51
39
43
46
76
86
5
23
40
19
4
28
3
6
32
13
62
61
45
9
100
84
45
32
46
59
15
83
95
69
97
13
96
91
70
87
29
2
70
5
67
56
12
69
92
70
26
56
70
74
99
43
79
95
11
6
75
45
42
96
16
73
81
30
61
89
79
38
72
77
70
14
59
39
65
96
99
89
41
89
85
2
96
77
95
17
80
6
9
58
37
15
31
59
72
83
85
9
7
32
65
85
71
74
18
76
29
75
78
55
50
47
19
62
1
98
93
46
96
87
68
45
4
6
97
49
89
59
54
96
47
17
15
22
12
55
63
73
52
14
22
26
16
31
57
52
57
83
49
22
18
30
10
68
6
42
40
80
94
98
58
34
31
6
91
32
4
34
60
3
56
36
72
74
55
15
92
30
67
25
54
37
4
36
10
9
17
19
75
27
22
45
24
84
5
24
62
62
89
85
30
62
80
4
55
61
53
42
51
76
46
75
8
30
79
10
67
22
33
7
84
49
43
92
95
53
78
83
47
6
65
34
34
36
8
29
24
90
33
69
66
94
49
3
6
30
86
20
84
47
39
82
87
46
19
38
54
74
12
26
97
11
29
74
14
30
47
12
37
87
90
85
83
86
92
53
44
34
7
51
67
13
79
47
68
13
2
14
61
3
12
5
97
44
26
12
23
28
87
21
66
56
68
5
48
34
46
12
62
91
27
50
37
93
78
87
96
79
50
81
68
5
48
57
17
71
36
21
76
40
31
4
20
22
78
77
1
85
23
58
66
99
94
52
81
85
75
16
4
43
39
73
19
83
30
23
8
20
22
35
42
35
55
33
16
17
37
100
18
31
72
69
26
35
68
66
60
77
83
84
78
89
49
39
15
68
60
87
86
28
11
27
29
3
89
97
65
12
92
29
37
28
69
22
40
27
2
14
47
77
64
69
12
85
90
67
91
57
82
55
1
31
77
62
54
28
3
2
85
85
76
90
65
87
35
36
67
44
84
31
99
67
37
97
50
92
60
19
31
17
49
24
92
61
62
51
49
92
66
75
31
56
83
95
4
23
53
86
90
82
18
8
100
34
13
25
3
22
87
10
1
5
16
99
2
33
15
22
68
52
57
1
87
3
79
85
83
65
70
70
27
45
80
29
15
66
53
65
27
66
10
71
11
58
14
24
46
56
16
92
17
35
83
27
72
72
28
58
35
93
90
50
5
50
1
10
89
19
42
58
5
75
53
53
71
19
38
10
17
97
88
61
95
48
34
84
19
84
42
35
45
100
6
51
46
82
59
47
71
76
98
16
66
74
22
68
42
36
7
89
23
94
60
17
38
92
75
95
64
27
82
47
35
1
98
85
25
34
4
81
60
58
53
65
17
60
86
60
36
81
6
46
50
51
45
45
83
79
40
4
37
95
99
55
51
24
50
30
83
21
2
21
95
54
98
89
26
61
68
28
19
72
63
10
78
64
69
65
73
85
40
48
49
72
71
6
43
49
59
82
92
45
38
53
94
15
99
89
63
61
12
43
41
87
28
25
39
42
78
58
74
8
3
41
89
75
40
53
61
18
58
36
9
2
93
69
12
56
37
12
32
48
96
88
93
90
65
8
94
26
47
48
51
27
5
39
73
48
34
35
58
20
22
17
54
58
8
54
62
58
84
94
37
39
1
19
54
10
79
20
52
75
24
87
34
18
57
62
75
46
76
31
1
95
68
59
57
9
27
51
79
17
33
53
10
72
19
49
52
89
56
26
83
38
3
1
26
53
46
2
54
31
8
76
65
21
47
21
48
70
46
8
42
37
20
82
7
5
40
89
56
30
16
97
60
88
39
60
52
13
22
68
13
99
66
51
61
88
35
78
14
100
39
40
3
60
98
13
72
47
42
88
92
77
44
80
31
6
30
20
3
95
62
95
9
15
95
56
91
33
56
39
87
59
73
88
68
69
47
93
28
11
40
12
89
47
67
61
37
42
87
23
25
83
25
96
23
80
17
24
15
50
8
48
36
58
91
93
24
3
2
59
98
24
70
95
96
93
21
62
15
32
62
64
14
36
99
84
33
15
31
23
13
57
28
38
43
37
87
71
48
75
25
88
97
74
20
13
79
94
16
91
86
32
6
65
51
85
12
39
63
47
65
77
12
36
43
82
64
83
69
9
27
91
72
70
87
32
60
77
54
68
12
65
12
73
19
50
80
80
8
64
6
89
36
42
100
25
8
27
25
71
93
10
48
58
42
52
33
22
66
17
18
94
72
27
89
62
23
83
37
45
8
33
93
61
53
56
56
48
22
26
62
43
28
66
1
2
61
66
35
93
54
75
80
70
12
38
23
71
98
74
76
8
25
76
40
81
13
94
51
22
18
83
84
54
94
30
33
57
65
92
86
39
86
61
19
2
53
32
6
92
58
22
15
7
92
96
68
99
46
37
72
44
32
7
7
39
98
34
84
82
50
22
63
11
2
69
24
60
8
57
18
35
60
96
80
3
28
84
85
56
84
72
61
1
15
72
10
68
2
75
74
25
64
7
88
36
53
79
62
45
78
53
98
11
83
36
68
85
69
16
22
53
36
48
72
35
88
39
20
52
12
50
64
87
73
97
87
3
9
86
76
45
44
8
3
38
35
10
33
46
37
30
43
14
76
72
81
41
15
49
81
94
76
38
100
13
25
71
25
83
2
44
6
76
80
53
21
63
25
47
49
88
71
62
56
53
63
32
52
37
28
82
4
36
20
32
16
37
70
74
44
8
50
85
76
37
61
3
33
96
60
40
86
61
67
70
25
10
99
70
5
14
52
9
5
93
66
17
69
29
62
35
79
39
45
61
50
10
78
2
71
61
7
100
9
3
67
28
93
8
29
6
74
74
19
16
56
33
75
17
88
53
91
96
62
4
52
44
17
51
95
25
10
37
60
18
63
39
45
1
61
46
22
28
93
52
5
12
65
40
36
84
18
67
21
76
97
94
56
29
32
96
25
42
34
78
24
50
1
73
99
44
39
62
14
95
16
99
42
4
78
44
12
80
84
57
38
96
70
12
68
61
83
74
17
84
95
37
95
67
23
53
95
76
94
33
37
87
24
96
26
89
67
76
47
9
6
6
31
53
47
89
73
81
25
88
68
21
53
68
95
84
79
97
50
84
100
78
12
22
88
89
56
27
40
80
81
35
82
35
83
36
4
13
37
100
76
42
88
44
23
17
83
89
69
9
76
2
25
100
25
98
15
55
50
33
86
33
21
46
57
55
44
72
21
70
29
23
40
55
20
51
9
74
84
38
94
44
68
15
72
70
27
74
6
98
5
34
25
95
20
75
72
32
45
29
34
40
83
95
65
16
7
18
50
85
12
8
3
77
83
84
86
79
54
54
22
43
99
39
52
16
97
59
40
55
11
84
1
3
46
51
47
82
3
79
78
42
67
70
86
64
93
80
52
58
46
51
92
68
70
40
49
76
4
59
57
32
54
90
40
27
94
96
22
96
28
17
66
37
63
7
90
20
88
70
46
87
29
37
53
91
32
31
93
72
56
11
75
72
7
63
53
88
61
100
59
10
51
63
80
20
66
70
67
37
22
94
19
26
3
13
29
49
70
48
76
94
72
36
46
98
54
98
41
22
1
42
47
48
56
26
97
79
14
64
87
25
87
79
65
61
71
64
12
97
63
5
50
25
16
99
100
37
77
86
69
75
54
93
29
86
30
69
16
19
79
59
62
71
12
89
52
28
44
54
78
1
26
26
53
46
20
10
3
24
54
78
77
82
63
83
76
21
71
20
64
46
44
50
28
96
32
15
6
34
35
1
42
21
25
89
74
46
43
100
78
59
40
29
64
71
78
70
36
27
42
76
20
39
40
22
42
18
15
98
81
75
46
2
98
34
99
72
60
96
96
81
79
60
27
38
26
83
75
31
71
37
81
6
89
58
38
85
15
41
66
32
44
73
53
55
28
36
16
54
57
68
30
69
79
30
9
42
3
65
96
65
30
53
30
68
100
39
8
32
63
31
41
3
85
47
90
78
35
23
2
42
74
46
4
48
25
28
12
97
36
68
40
35
36
41
44
23
10
16
81
74
49
94
52
85
53
30
69
64
68
26
11
55
64
93
51
8
1
36
39
71
70
40
89
80
22
64
18
98
84
59
29
87
30
13
59
25
26
25
7
99
58
82
16
71
14
79
68
58
13
23
30
25
22
47
7
28
45
9
9
85
56
85
19
55
94
52
63
57
28
49
46
93
97
28
38
76
15
28
94
64
12
61
41
90
5
36
29
87
96
40
58
25
9
58
28
18
3
65
76
64
90
46
80
69
19
52
20
61
52
54
20
97
61
21
91
36
81
43
97
71
62
82
89
61
79
56
85
78
57
93
49
14
33
59
16
85
22
66
45
30
22
80
46
1
24
8
74
94
54
20
48
16
49
70
26
7
89
8
19
49
84
86
42
90
79
11
34
4
27
18
64
58
79
78
87
22
37
86
15
87
90
11
67
4
86
64
88
62
23
18
93
50
65
75
2
70
76
47
46
99
15
79
85
88
37
26
90
97
89
69
51
32
34
47
9
98
83
2
64
87
93
3
46
85
5
49
54
28
60
48
45
94
90
54
28
86
45
95
54
77
67
52
63
67
10
90
28
93
15
49
34
45
78
21
60
100
11
38
48
9
86
82
65
65
60
76
23
75
20
26
18
4
13
73
85
90
13
41
90
51
62
18
67
56
25
51
2
52
84
28
69
44
19
60
19
80
16
36
15
38
81
34
64
76
74
87
24
99
10
74
14
41
67
47
86
45
10
57
60
24
59
79
64
100
13
99
54
23
100
95
79
57
15
78
32
56
49
80
54
25
46
98
14
32
38
87
8
68
25
70
99
41
91
70
91
72
73
51
15
68
84
51
23
2
14
67
79
100
61
69
81
10
44
81
72
63
37
77
75
22
15
38
59
2
78
17
27
19
86
24
49
95
96
39
35
11
62
41
18
74
50
41
92
65
29
85
30
27
1
21
39
98
57
47
88
77
30
33
25
23
52
16
9
58
53
63
89
84
41
99
60
67
42
14
30
75
84
74
43
39
31
27
80
70
33
22
65
50
32
74
37
69
26
72
20
67
20
34
13
2
78
1
1
39
27
63
89
58
34
4
27
45
71
19
14
19
8
56
94
96
37
25
67
50
92
60
14
63
29
30
51
55
38
73
25
91
99
2
71
21
15
1
100
20
74
69
89
56
86
69
21
16
36
41
66
11
14
26
22
15
19
74
1
25
79
27
49
23
74
34
80
31
98
29
57
43
89
27
59
87
3
30
94
45
4
62
11
99
42
93
41
70
11
83
31
95
62
16
80
12
20
83
51
40
26
58
94
66
14
1
92
72
22
2
66
5
7
42
18
95
8
90
57
75
31
100
37
92
72
98
33
40
85
35
69
41
48
8
89
14
100
51
80
80
90
78
14
28
3
21
79
15
81
35
47
57
8
1
41
73
36
55
36
62
51
89
69
66
20
99
17
92
83
83
93
44
19
68
96
57
58
49
44
52
56
25
36
88
4
3
9
29
16
21
67
88
48
62
13
73
45
11
14
49
97
49
97
60
32
44
65
100
32
29
29
20
8
100
62
92
68
89
92
90
55
79
14
59
40
100
51
68
79
34
29
30
32
3
45
85
93
6
44
60
19
65
90
70
83
19
4
77
4
70
54
83
60
6
81
93
36
43
99
87
24
42
79
19
95
87
66
10
71
58
85
42
21
84
69
15
63
17
93
76
57
30
40
51
55
69
38
39
59
40
35
50
96
11
6
30
96
63
6
33
37
29
50
23
98
35
74
81
64
16
32
97
55
82
44
83
18
56
14
9
25
76
91
40
81
66
28
59
31
22
60
9
88
26
73
32
51
16
80
46
39
84
27
2
52
39
65
45
7
72
94
57
80
91
65
68
69
76
66
75
3
4
1
73
41
29
46
52
56
14
23
42
38
44
98
4
6
26
95
37
1
83
41
59
60
69
72
61
13
98
16
69
64
2
57
21
63
86
23
83
11
19
27
24
81
36
44
51
84
32
78
54
47
27
62
28
22
95
70
44
46
51
18
44
30
2
33
79
55
49
12
99
67
98
96
32
34
92
46
64
83
95
15
83
77
59
29
1
35
84
22
8
7
61
42
36
14
28
88
70
19
51
59
84
37
46
62
98
99
82
32
29
81
75
8
5
54
11
42
72
78
78
1
50
94
35
70
15
97
6
73
70
52
85
9
4
95
19
53
66
52
94
31
86
75
29
35
68
91
62
62
8
95
22
84
22
60
76
59
68
45
33
82
85
93
65
62
19
24
34
91
75
5
6
63
5
100
99
33
80
1
75
70
38
36
3
46
10
95
4
92
35
37
4
87
55
35
72
27
59
84
6
74
73
34
45
79
26
45
7
86
51
72
10
59
100
100
69
64
59
85
34
63
26
76
58
19
79
95
50
55
38
18
18
99
26
63
18
94
60
11
40
57
79
91
94
17
97
41
9
4
3
89
42
45
32
24
5
27
80
91
93
12
17
99
14
40
88
74
80
59
60
77
41
66
34
57
6
35
64
25
86
33
34
28
41
47
67
77
17
74
27
16
28
48
8
75
13
39
75
14
39
60
11
27
82
92
